   2.0000000e+00   5.0335143e-01   1.4243109e+00   1.1053393e+00   8.5578536e-01   2.7309159e+00  -4.0056575e-01   2.4702892e-01   2.3039888e-01  -8.7607244e-01  -4.0158720e-01
   2.0000000e+00  -1.6859756e+00   2.4353190e-01  -2.3244913e-01  -4.4225980e-01  -4.7741262e-01   1.1929030e+00  -1.5451590e+00   7.5029438e-01   4.3478073e-01   6.0006932e-01
   2.0000000e+00   6.0297432e-01  -6.5809608e-01   4.6742435e-02  -1.5785162e+00  -4.4002730e-01  -6.9747771e-01  -1.4644599e-02   4.6371350e-01  -1.0472091e-01   1.0660954e+00
   2.0000000e+00  -2.0910958e-02   2.6834418e+00   1.8548532e-01  -2.3509094e+00  -1.2744724e+00   3.0432643e+00  -7.7010966e-01   6.0382466e-01  -1.1227013e+00  -1.1693629e+00
   2.0000000e+00  -3.6011962e-01  -1.1457697e+00   1.0310708e+00   1.1330670e+00  -1.0215981e+00   1.1759506e+00   1.4832532e+00  -1.0004841e+00  -9.1873685e-01   1.1893386e+00
   2.0000000e+00   8.9074794e-01  -6.3934090e-01  -1.2842973e+00  -3.8563552e-02  -1.0238228e+00  -1.0599695e+00  -7.5066359e-01  -1.3438029e+00  -1.1481116e+00   2.7176130e-01
   2.0000000e+00  -5.2202265e-01   1.0614118e+00   2.8357390e-03   2.0310357e+00   1.0982533e+00  -3.7424840e-01   3.8335351e-01   2.5626439e-01   1.1498468e+00   8.4583939e-01
   2.0000000e+00  -3.4503673e-01   5.1932460e-01  -1.9335222e+00   4.9783508e-01   6.6328508e-01   2.0249551e+00   1.4802852e+00  -7.5571623e-01  -1.3987609e+00  -1.4888832e-01
   2.0000000e+00  -1.0804625e+00  -2.8780435e-01   1.5194455e+00  -1.1936691e+00   1.5958702e-01  -1.6181894e+00   2.5787355e-01  -2.0418003e+00  -1.0839911e+00   6.4158760e-01
   1.0000000e+00  -1.2901538e-01   4.9116964e-02  -2.3736463e-01  -2.2346849e+00   4.0056043e-01   3.1169795e-01  -1.0669267e+00   9.7375007e-01   3.1157437e-01   3.9357579e-01
   1.0000000e+00  -2.1724112e-01   1.5633050e+00  -6.0864129e-01   1.6645623e-01   2.6883908e-01  -6.8858104e-01   1.9560043e-01   4.4759145e-01   3.2026954e-01   1.3510277e+00
   2.0000000e+00   7.8467259e-01  -5.6233418e-01  -1.2880057e-01  -7.9926108e-01   7.2788891e-02  -2.8421629e-01  -1.7605645e+00  -8.8303944e-01   7.8331447e-01  -5.7811039e-01
   1.0000000e+00   2.7917688e-01  -4.3592582e-02   8.2407641e-01   8.8818858e-01   5.0974310e-01   3.3854451e-01  -4.5215303e-01  -4.7768061e-01   1.7541875e-01   5.2677696e-01
   2.0000000e+00   2.2257565e-02  -1.0106515e+00   7.2167119e-01  -7.0171735e-01   1.3275890e+00  -2.4761433e+00  -1.2836984e+00  -2.8824490e-01  -3.4963461e-01   2.0305332e-01
   2.0000000e+00   1.7573704e+00  -8.3875909e-01   3.4328953e-01   8.4061458e-01   1.8744292e+00  -1.3029277e+00   1.2023399e+00   4.0292667e-01   3.4252431e-01  -1.6923328e+00
   2.0000000e+00  -1.9422578e-01   4.4554747e-01  -1.6632934e+00   1.8921704e-01   4.3698222e-01   1.8484264e+00   6.3275633e-01  -5.6489944e-01   1.3478741e+00   3.8402585e-01
   2.0000000e+00   7.4085567e-01  -1.0520588e-01  -5.3816530e-01  -5.9456102e-01   1.9153553e+00  -1.5669704e+00   5.7142935e-01   3.7844439e-01   6.3680101e-01   2.2210652e+00
   2.0000000e+00  -7.9423541e-01   8.5077514e-01  -4.6836600e-02   4.2059376e-01  -2.2663954e-01   1.1222317e+00  -3.5478245e-02   7.0534739e-01   9.9962727e-01   2.3072721e+00
   2.0000000e+00  -7.1249002e-01   1.1316688e+00  -1.2047390e+00  -5.4019935e-01   5.5147439e-01  -2.3257446e-01   1.0176575e+00  -2.7941099e-01   1.0292402e+00  -1.3634802e+00
   2.0000000e+00  -7.2912088e-01  -3.0999523e-01  -7.8387694e-01   2.6223888e-01  -1.1224230e+00   4.9284183e-01  -3.3819719e-01  -1.5750646e-01   1.0381512e+00   7.4604440e-01
   2.0000000e+00   2.2446599e-01   1.2262178e-01   2.8951252e-01  -7.5965279e-01  -1.0438478e+00  -3.4749026e-01   9.2922734e-01  -1.1408929e+00  -1.7219562e+00  -1.4173675e+00
   2.0000000e+00   1.5260208e-01   9.0905301e-01  -9.4353619e-01   6.3040281e-01  -1.5128752e-01  -4.8334294e-01   2.3898089e-01  -7.1114706e-01  -4.9348027e-01  -1.2993430e-01
   2.0000000e+00   1.1540257e+00  -9.5447917e-01  -4.6320387e-01   5.7474068e-01  -2.5603721e-01   2.3534623e-01   6.9221153e-01   1.2918914e+00   7.0070030e-01  -1.1308048e+00
   2.0000000e+00   6.9254203e-01  -5.5865360e-01   3.1533056e-01  -1.7738739e+00  -1.4754234e+00  -6.0072461e-01   1.2212865e-01   1.1831118e+00  -6.6097080e-02   2.8187081e-01
   2.0000000e+00   1.3133509e+00  -1.5149178e-01   1.5824495e+00   4.7114875e-01  -6.2406767e-01   1.4150539e+00   8.2634426e-01  -1.1435795e-02  -4.2118983e-01   2.2251882e-01
   1.0000000e+00   2.1671390e-01  -1.2777884e+00   1.0687812e+00   2.7799199e-01   1.7315603e+00   9.7282015e-01  -7.7658888e-02  -7.3310246e-01   5.0452881e-01   5.1704255e-01
   2.0000000e+00  -6.8155244e-01   1.1270291e+00   1.2618221e+00  -1.4047349e+00  -1.8755644e+00   7.8429413e-02   2.5487106e-01   3.5567149e-01  -3.2339349e-01  -3.9728954e-01
   2.0000000e+00   9.5027823e-01   5.1140784e-01   1.9506861e+00  -2.0754030e+00   8.7211978e-02  -1.0594280e+00   1.3239967e+00   9.0801284e-01   2.5648864e-01  -1.1282650e+00
   2.0000000e+00   8.7686575e-01  -4.5719868e-01   7.4762636e-01  -1.6087315e-01  -8.2682510e-01  -1.2711881e-01   1.0959910e+00  -2.1426638e+00   1.8457436e+00  -8.1311084e-01
   1.0000000e+00   2.7391331e-01   1.2558343e+00  -5.1394324e-01   3.5314971e-01  -2.2035883e-01   2.7919859e-01  -3.4590141e-01   1.7761546e+00   2.6046751e-01  -1.1372361e+00
   2.0000000e+00  -8.8526275e-01  -6.6566731e-01  -1.3723888e-01  -8.8819417e-01   2.9986725e-01   4.5190240e-01   6.2471629e-01   2.2887202e-01  -1.5500648e-01   1.4274556e-01
   2.0000000e+00  -1.4182064e+00  -1.0024710e+00   1.4703092e-02  -3.1268089e-01   2.6797612e+00   6.4364527e-01   1.3428394e+00   1.1188251e+00  -2.1289787e+00  -1.0404103e+00
   2.0000000e+00   8.7087082e-01   1.9025447e+00  -2.1325046e-01  -1.3881967e+00   2.4551901e-02  -4.6254321e-01   6.7479998e-01  -9.4989420e-01  -2.6495425e-01   3.2505339e-01
   1.0000000e+00  -4.5869003e-01   6.1062880e-01   2.2737665e-01   3.0541584e-01  -1.1198635e+00   1.1384382e+00  -7.6918185e-01  -9.0219233e-01   3.6469753e-01  -1.9385763e-01
   1.0000000e+00   5.2780432e-01   4.1509750e-01   7.0727268e-01  -7.5635824e-02   1.0562289e+00   1.5414417e+00   1.4915604e-01   8.0553244e-01   3.6873597e-01   3.4445358e-01
   2.0000000e+00   1.6156199e-01  -1.2053335e+00   4.4049237e-02   1.2207186e+00  -1.3748308e-01   1.6202717e+00   1.3294125e+00  -1.1023409e+00  -2.3696489e+00  -3.6457891e-01
   2.0000000e+00   1.8046032e+00   1.4557968e-01  -5.9892373e-01   1.0432284e+00   7.1970631e-01   1.4519409e-01   7.0790475e-01  -5.9289374e-01  -6.7131012e-01   1.0563441e+00
   2.0000000e+00  -1.3476911e+00  -3.0025472e-01   1.8103660e+00  -2.3692131e-02   1.8418685e-01  -3.5337572e-01  -5.2268038e-01   1.1001842e-01   1.4854183e+00  -3.4576790e-02
   2.0000000e+00  -1.6279232e+00  -6.5876184e-03  -1.7503618e-01   9.5320344e-01   3.6915272e-01  -5.7385566e-01   5.9081161e-01  -1.0607660e+00   8.6919045e-01   7.9097277e-01
   2.0000000e+00  -3.2628674e-01   2.4483987e+00   9.7748861e-01   7.6544985e-01  -8.1116962e-02   1.9882302e-01   1.6859812e+00  -2.0036771e+00  -7.6113008e-01   4.2797971e-01
   2.0000000e+00   1.5678887e-01  -4.0664806e-01   3.0673334e-01  -2.7981272e-01  -7.5739727e-01  -5.0802847e-02  -1.1154007e+00  -8.5714993e-01  -2.7971776e-01  -9.0999211e-01
   2.0000000e+00  -1.6972187e+00   4.6939166e-01  -7.4009480e-01   5.1308647e-01  -5.0318953e-01   9.6445139e-01  -8.0893620e-01  -9.4996527e-01   5.5423244e-01   7.7041105e-02
   1.0000000e+00   6.4987724e-01   1.2295899e+00  -4.9512991e-01  -9.2515341e-01   1.1134284e+00   6.7402052e-01  -1.6586302e+00   5.6325209e-01   3.8204404e-01   7.1219785e-01
   1.0000000e+00  -7.4463842e-01   4.5559548e-01  -4.8233359e-01  -5.2409109e-01  -1.1300146e+00  -1.0238258e+00  -1.2323296e-02   1.4119637e-01   1.3114121e-01  -1.1346076e+00
   2.0000000e+00   7.1873481e-01  -6.0979665e-01   5.4832993e-01   8.3629837e-01  -8.6654455e-01  -6.8176996e-01  -8.0818253e-01   1.1813202e+00  -7.6263493e-01  -2.3969071e+00
   1.0000000e+00  -3.8892688e-01  -1.7209864e+00  -7.7298081e-01  -1.5314457e-01  -5.4413612e-01  -8.7374554e-01  -4.6495263e-01   5.7290421e-01   2.5241181e-01  -3.4086231e-02
   2.0000000e+00   3.0695006e-02  -8.3460858e-02  -4.6440243e-01   1.1171141e+00   8.3378221e-01   7.1935435e-01   3.6523489e-01  -3.3035420e-01  -1.2611918e+00  -2.2852009e+00
   2.0000000e+00  -4.4815046e-01  -3.7569872e-01  -2.5587908e+00   6.0106367e-01   1.2891568e+00   7.3027314e-02  -1.7877768e+00   2.7410012e-01  -9.8653087e-01  -3.3789288e-01
   2.0000000e+00  -1.1899683e+00  -9.6967886e-01   1.2285314e+00  -1.7640941e+00  -3.2567630e-01   1.8298446e-01  -6.8167600e-01   1.5295094e+00   1.2955699e+00   2.4936456e-01
   1.0000000e+00  -4.0335962e-01  -3.9441248e-01  -1.5953044e-02  -8.7835444e-01   7.2644517e-01  -2.1273709e-02   1.9363268e+00  -1.2268530e-01   6.2817815e-01  -1.5310413e-01
   2.0000000e+00   2.2880034e+00   1.3187591e+00   7.0166212e-01  -1.0017958e+00   9.0082411e-01   1.3953135e+00   1.6063036e+00  -1.8938435e+00  -2.0725422e-01   5.7710759e-01
   2.0000000e+00   2.0130109e+00  -1.9942721e+00   5.5510323e-01  -4.1373618e-01  -3.9425407e-01  -2.0788667e+00   9.9958272e-01   9.0789054e-01   1.0186404e-01  -3.1630370e-01
   1.0000000e+00   4.7206620e-01   9.7564825e-01  -2.8263893e-01   1.0488378e-01   6.3243577e-01   6.0339647e-01  -3.5511328e-02  -2.1968150e-02   6.9763745e-01   8.4653865e-02
   2.0000000e+00  -1.0083425e+00  -1.0982787e+00   9.1091221e-01  -1.0212875e-01   1.2958172e+00   1.8486129e+00  -5.9457633e-01   5.4441354e-01  -1.8976532e+00   1.6536891e+00
   1.0000000e+00   1.1743440e-01  -1.0070236e+00   9.7436756e-01  -2.3562885e+00  -6.9824965e-01   1.2385771e+00  -1.0642277e+00  -1.8899517e+00   3.7707182e-01   1.3645739e+00
   2.0000000e+00   1.7283360e+00   5.7798666e-01   7.5831030e-01   2.8791590e-01  -7.2153212e-01   2.1352995e+00  -2.1334833e+00   5.8728262e-01   8.0394730e-01   2.0369042e-01
   1.0000000e+00  -3.1298886e-01   5.1698594e-01  -1.4372335e+00  -1.2800915e-01   1.8903044e-01   6.2988288e-01   1.6115164e+00  -7.6782593e-01   1.6167448e-01  -2.4120374e-01
   2.0000000e+00  -1.6517196e+00  -1.7194311e+00   2.0973966e-01   1.5262528e-01   3.1151716e-01  -4.7610073e-01  -1.6861973e+00  -5.3249926e-02   1.8152349e+00  -8.0707286e-01
   2.0000000e+00   6.9539627e-01  -2.2018925e-01   3.4533150e-01  -2.8668442e-01   1.1637823e+00   7.7491347e-01   1.9876698e+00   1.8541386e+00  -3.9893571e-01   2.3690531e-01
   2.0000000e+00  -1.3753686e+00   4.6677957e-01  -8.6988889e-01  -4.8282613e-01  -1.1416828e+00   1.5031190e+00   1.0307365e+00   4.6685573e-01   1.4577311e-02   2.2266775e+00
   2.0000000e+00  -2.0587086e-01  -1.1823055e+00   5.6178211e-01   5.3490544e-02   2.7925527e+00  -3.5288933e-01   7.5919041e-02   1.3201053e+00  -8.7432174e-01  -1.3620608e-01
   2.0000000e+00   4.8104023e-02  -3.2201268e-01  -1.0487582e-01  -4.1074354e-01  -1.8808623e-01   3.0966567e-01   1.3809559e+00   5.8943106e-01  -2.5063586e-01   1.6405350e+00
   1.0000000e+00   2.5134958e-01  -1.0017122e+00  -4.7823286e-01  -2.9978642e-01  -2.9082042e-01  -5.6315551e-01  -6.6490359e-02  -1.5398074e+00   3.4378149e-01  -2.2234222e-01
   2.0000000e+00  -4.8523543e-01   9.3240130e-01  -6.1322584e-01   7.9998512e-01  -1.3265117e+00  -4.7409144e-01   6.8326909e-01  -4.6425407e-01   1.8223683e+00  -1.3319109e+00
   2.0000000e+00  -7.0297241e-01   3.1565741e-01   1.3278675e+00  -6.7284414e-01  -9.8656470e-01  -4.4315814e-01   6.8054178e-02   1.0758366e+00  -1.2695355e+00  -1.0774476e+00
   2.0000000e+00  -4.5959256e-01   1.0174591e-01  -1.5239990e+00  -1.0459628e+00  -6.6361118e-01  -5.5282278e-01   7.5163675e-01  -6.2396387e-01   1.0072562e+00  -2.3098197e-01
   2.0000000e+00  -1.5563023e+00  -9.8249623e-01   5.5480207e-01   1.3070343e+00   5.2560945e-01   6.9776813e-01   3.2858790e-01  -6.7156884e-01  -5.4857407e-01   1.0545115e+00
   2.0000000e+00   2.4612870e+00  -1.3746052e-01   8.1350892e-01   2.1766674e+00   1.5209695e-01  -1.3230661e+00  -7.6286157e-01   4.1473611e-01   1.2471292e+00  -1.4323655e+00
   2.0000000e+00  -2.0695298e+00  -2.5650983e-01  -4.5138663e-02  -1.8237874e+00  -4.4734401e-01   1.0152614e+00  -4.0427534e-01   1.6677938e+00   1.4505296e-01   1.4571345e+00
   2.0000000e+00   8.1459580e-02  -1.3738815e+00  -3.8851651e-01   6.4376958e-01  -2.4890834e-02   7.0395021e-01  -9.9724219e-01  -3.4418791e-01  -4.2866246e-02  -5.8503427e-01
   1.0000000e+00  -8.7515918e-02  -8.0846922e-02   4.6807162e-01  -6.9454651e-01   1.4653660e+00   3.0193987e-01   4.5322514e-01   1.0419970e+00   2.4132911e-02   6.1218738e-01
   2.0000000e+00  -6.8647249e-01  -1.8082831e+00   6.5549278e-01  -2.5964918e-01   1.4586313e+00  -1.8721555e-01   6.9459842e-01   1.6044719e+00  -2.3433513e+00  -1.0304810e+00
   2.0000000e+00  -8.4564248e-01  -9.3151268e-01   5.1553908e-01   1.6864758e+00  -1.2231778e-01  -4.6451070e-02  -1.6223203e-01  -4.3648559e-01  -7.0038559e-02   5.7804291e-01
   2.0000000e+00  -5.5350838e-01   6.1139672e-02  -9.6950197e-01   9.5385618e-01  -8.4100686e-01   1.3043594e+00  -1.4066925e+00  -1.1648800e+00  -3.2631016e-01   6.5373163e-01
   2.0000000e+00   3.3120980e-01   2.9947561e-01   1.0024107e+00  -1.5589444e-01  -4.9632450e-01   1.0347888e+00  -1.0871388e+00   7.7906482e-02  -1.9523374e-01  -2.3053185e-01
   1.0000000e+00  -1.8584370e-01   5.6010099e-01  -1.3650180e+00  -4.2486368e-01   1.1356288e+00  -9.3899653e-01   2.4469201e+00  -6.0503668e-01   4.7392723e-01  -3.9796303e-01
   2.0000000e+00   8.1326316e-01  -8.9925323e-01   1.9145649e-01   1.0588983e+00   4.3601414e-01  -5.5522224e-01   5.2438700e-01   5.5371049e-01  -4.4311676e-01   8.9995972e-01
   2.0000000e+00  -1.9731206e+00  -1.4909427e+00  -2.7403979e-02   5.1549137e-01   1.4712864e-01   2.1993874e-01  -2.1643561e-01   1.0907835e+00   2.0910437e-01  -2.3107263e-01
   2.0000000e+00   1.9087825e+00   1.6992230e-01  -5.7949194e-01  -1.2096390e-02   4.0758669e-02   1.5201440e+00  -2.3405775e-01   4.7299490e-01  -3.4324022e-01  -1.0806702e+00
   2.0000000e+00   1.0196645e+00  -8.5348160e-01  -2.0957209e+00   1.3322136e+00  -2.2023625e-02   5.0626684e-03   6.3765972e-01   2.0182197e+00   1.7285896e+00   3.2243414e-01
   2.0000000e+00  -6.7625496e-01   2.3193119e-01  -1.1182437e+00  -7.6389824e-01   1.5058357e-01   2.6209018e-01   1.6009036e+00  -6.0117354e-01  -1.5715800e+00   1.4160160e-01
   2.0000000e+00   1.0086519e+00  -3.0955709e-01   1.7777019e+00   1.9061746e+00  -7.4089958e-01  -1.6577563e+00  -1.4424449e+00   3.1157899e-01   1.0597856e-01  -7.6728612e-02
   2.0000000e+00  -3.7790554e-01   5.3789076e-02   4.6594683e-01   1.9844515e+00   1.3640897e+00  -8.3349921e-01   3.3401309e-02  -5.2859169e-01  -1.1867038e+00  -7.4000098e-01
   1.0000000e+00   5.3926735e-01  -9.1509277e-02   1.3090252e+00   4.8331140e-01   1.9942262e+00  -2.4324780e+00  -8.0014273e-01   7.4771943e-01   4.5924851e-01   4.7725457e-02
   1.0000000e+00  -8.2582625e-01   1.1102897e+00   1.1593446e+00  -1.0793377e+00   6.3217324e-01  -9.2475141e-01   1.6318320e+00   1.1073773e+00   2.2721706e-01  -7.9042486e-01
   2.0000000e+00  -6.5140610e-01  -7.9831268e-01   1.7957897e+00  -3.5325793e-02   6.7190216e-01   1.3824163e+00  -2.4031914e+00  -1.6232845e+00  -7.0399944e-02  -7.9555709e-01
   2.0000000e+00  -6.9035974e-01  -3.2078063e-02  -1.1771293e+00   1.8283006e-01   9.9903617e-01  -1.2369115e+00  -1.4529445e+00   3.1637085e-01   8.3899871e-01   4.6223820e-02
   1.0000000e+00  -1.6995375e-01  -1.5780645e-01   9.2218203e-01   5.3267504e-01  -1.0822698e+00  -1.0570660e+00  -2.2125708e+00   1.4155406e+00   6.1363450e-01   1.0356220e+00
   2.0000000e+00   7.1602635e-01  -1.2889650e-01  -1.0623361e+00  -1.9250011e-01  -2.0197869e+00   1.4985315e+00  -3.5098768e-01   1.4098965e+00   1.1576145e+00  -5.5232971e-01
   2.0000000e+00   7.8133121e-01   3.3083400e-01   5.1793495e-01   2.0121010e-01  -9.6118185e-01  -3.9289548e-01   1.5889333e+00  -2.9068299e-01  -1.2661257e+00  -5.0340972e-01
   2.0000000e+00  -9.4590756e-01  -8.7134619e-01  -9.6989234e-01   1.8322470e+00   2.2541872e+00  -2.3686677e+00  -7.8872369e-01  -1.0309349e+00  -2.4743029e-01  -4.2109736e-01
   2.0000000e+00   7.2596357e-02  -5.4975834e-01   9.0112158e-01  -1.3172085e+00  -1.0734182e+00  -6.4184438e-01  -5.1743533e-01  -1.3596708e-01   1.0064879e+00  -1.7899370e+00
   2.0000000e+00   1.2494487e+00  -1.3942366e+00  -1.9082510e+00  -1.2344335e-01   1.6091228e+00  -9.0140823e-01   3.1128725e+00   8.7534373e-01   1.6777954e-01  -4.5676080e-01
   2.0000000e+00   3.9508941e-01   3.2209273e-01  -5.6763986e-01  -9.1648464e-03  -3.6242220e-01  -1.0918124e+00   8.2332193e-01   1.6495527e-01  -8.6567738e-01   1.6230683e-01
   2.0000000e+00   1.1561206e+00   1.1003845e+00   1.6278928e+00  -1.7270227e+00   1.5460292e+00   5.5613326e-02  -1.0017447e+00   7.6378266e-01  -1.3194536e+00   1.1917073e-01
   1.0000000e+00   5.1652411e-01  -4.8366260e-01  -1.0894256e-02   3.4777011e-01   7.6053463e-01  -7.7634646e-01   9.8735340e-01  -1.5538587e+00   4.9788066e-01   1.7018864e-01
   2.0000000e+00  -7.6885240e-02  -3.0325436e-01  -2.2201007e+00  -1.2432814e+00   4.8451925e-01   5.6628852e-01   1.1671875e+00  -7.7319927e-01  -8.2502815e-01  -1.0043194e+00
   2.0000000e+00  -1.1788858e+00  -5.7338492e-01   2.6940784e-01   7.0175226e-01   1.8818497e+00   1.0600120e-02  -1.3605183e+00  -9.4735476e-01  -6.2317124e-01  -6.4480965e-01
   2.0000000e+00   1.5441192e+00  -5.5783954e-01  -1.3384351e+00   1.3341849e-02   5.6782886e-01  -6.8650858e-01   2.0132091e-01   1.5614207e+00  -2.7035884e+00   9.4232086e-01
   2.0000000e+00  -6.7117172e-01   7.5921439e-01   1.3956528e+00  -1.3157574e+00   1.8537373e+00   4.6258635e-01   3.8005200e-02   2.3682290e-01  -1.5774433e+00   2.3848084e-01
